picked cube: {"O_T_EE": [0.992969,0.105354,-0.0538003,0,0.10775,-0.993204,0.0437689,0,-0.0488244,-0.0492591,-0.997592,0,0.521032,-0.129708,0.0320723,1], "O_T_EE_d": [0.992968,0.105362,-0.0537897,0,0.107758,-0.993203,0.0437694,0,-0.0488134,-0.0492588,-0.997593,0,0.521037,-0.129702,0.0320756,1], "F_T_NE": [0.7071,-0.7071,0,0,0.7071,0.7071,0,0,0,0,1,0,0,0,0.1034,1], "NE_T_EE": [1,0,0,0,0,1,0,0,0,0,1,0,0,0,0,1], "F_T_EE": [0.7071,-0.7071,0,0,0.7071,0.7071,0,0,0,0,1,0,0,0,0.1034,1], "EE_T_K": [1,0,0,0,0,1,0,0,0,0,1,0,0,0,0,1], "m_ee": 0.73, "F_x_Cee": [-0.01,0,0.03], "I_ee": [0.001,0,0,0,0.0025,0,0,0,0.0017], "m_load": 0, "F_x_Cload": [0,0,0], "I_load": [0.01,0,0,0,0.01,0,0,0,0.01], "m_total": 0.73, "F_x_Ctotal": [-0.01,0,0.03], "I_total": [0.001,0,0,0,0.0025,0,0,0,0.0017], "elbow": [-0.254465,-1], "elbow_d": [-0.254459,-1], "elbow_c": [-0.254459,-1], "delbow_c": [0,0], "ddelbow_c": [0,0], "tau_J": [-0.0920007,-39.6421,-3.35628,16.2516,0.71483,2.05856,-0.0646462], "tau_J_d": [0,0,0,0,0,0,0], "dtau_J": [103.59,-76.1555,96.571,60.6683,13.9911,26.1241,-27.8661], "q": [0.0449299,0.54133,-0.254465,-2.21104,0.168812,2.69281,0.347727], "dq": [-0.000209698,0.000835023,-0.0012199,0.000163641,-0.000103605,0.000134181,-7.05258e-05], "q_d": [0.0449338,0.541325,-0.254459,-2.21104,0.168809,2.69281,0.34773], "dq_d": [0,0,0,0,0,0,0], "ddq_d": [0,0,0,0,0,0,0], "joint_contact": [0,0,0,0,0,0,0], "cartesian_contact": [0,0,0,0,0,0], "joint_collision": [0,0,0,0,0,0,0], "cartesian_collision": [0,0,0,0,0,0], "tau_ext_hat_filtered": [-0.109053,-1.22924,0.180508,0.928074,0.328634,-0.0602622,-0.0717099], "O_F_ext_hat_K": [1.24802,-0.546688,1.95508,0.780586,-0.788245,-0.112939], "K_F_ext_hat_K": [1.07648,0.763033,-1.98438,1.02902,-0.0790961,-0.0690167], "O_dP_EE_d": [0,0,0,0,0,0], "O_ddP_O": [0,0,-9.81], "O_T_EE_c": [0.992968,0.105362,-0.0537897,0,0.107758,-0.993203,0.0437694,0,-0.0488134,-0.0492588,-0.997593,0,0.521037,-0.129702,0.0320756,1], "O_dP_EE_c": [0,0,0,0,0,0], "O_ddP_EE_c": [0,0,0,0,0,0], "theta": [0.0449233,0.538478,-0.254718,-2.20983,0.168896,2.69305,0.34772], "dtheta": [0,0,0,0,0,0,0], "current_errors": [], "last_motion_errors": [], "control_command_success_rate": 0, "robot_mode": "Idle", "time": 20240980}

pre pick cube: {"O_T_EE": [0.992131,0.124926,0.00712071,0,0.124555,-0.991425,0.0392794,0,0.0119669,-0.0380841,-0.999203,0,0.524493,-0.131065,0.112291,1], "O_T_EE_d": [0.992126,0.124961,0.00713274,0,0.12459,-0.991421,0.0392814,0,0.0119804,-0.0380842,-0.999203,0,0.524501,-0.131049,0.112296,1], "F_T_NE": [0.7071,-0.7071,0,0,0.7071,0.7071,0,0,0,0,1,0,0,0,0.1034,1], "NE_T_EE": [1,0,0,0,0,1,0,0,0,0,1,0,0,0,0,1], "F_T_EE": [0.7071,-0.7071,0,0,0.7071,0.7071,0,0,0,0,1,0,0,0,0.1034,1], "EE_T_K": [1,0,0,0,0,1,0,0,0,0,1,0,0,0,0,1], "m_ee": 0.73, "F_x_Cee": [-0.01,0,0.03], "I_ee": [0.001,0,0,0,0.0025,0,0,0,0.0017], "m_load": 0, "F_x_Cload": [0,0,0], "I_load": [0.01,0,0,0,0.01,0,0,0,0.01], "m_total": 0.73, "F_x_Ctotal": [-0.01,0,0.03], "I_total": [0.001,0,0,0,0.0025,0,0,0,0.0017], "elbow": [-0.295676,-1], "elbow_d": [-0.295665,-1], "elbow_c": [-0.295665,-1], "delbow_c": [0,0], "ddelbow_c": [0,0], "tau_J": [0.368204,-36.1826,-2.50331,18.0845,0.196642,2.13181,0.0534569], "tau_J_d": [0,0,0,0,0,0,0], "dtau_J": [28.3871,-50.3576,-13.2367,7.71672,-24.8999,-8.59182,16.969], "q": [0.0677275,0.338532,-0.295676,-2.27223,0.12365,2.61353,0.342853], "dq": [-0.00118366,0.00148509,-0.000390417,-1.71347e-05,0.000339957,-0.000381924,-0.00268092], "q_d": [0.0677488,0.338526,-0.295665,-2.27223,0.123644,2.61353,0.342855], "dq_d": [0,0,0,0,0,0,0], "ddq_d": [0,0,0,0,0,0,0], "joint_contact": [0,0,0,0,0,0,0], "cartesian_contact": [0,0,0,0,0,0], "joint_collision": [0,0,0,0,0,0,0], "cartesian_collision": [0,0,0,0,0,0], "tau_ext_hat_filtered": [0.16152,-1.34365,0.00656278,0.46303,-0.214207,-0.0739616,0.0434968], "O_F_ext_hat_K": [-1.28058,0.790389,3.61331,-0.912035,-1.81151,0.214522], "K_F_ext_hat_K": [-1.14605,-0.801201,-3.65585,-0.318786,-0.270281,0.0193197], "O_dP_EE_d": [0,0,0,0,0,0], "O_ddP_O": [0,0,-9.81], "O_T_EE_c": [0.992126,0.124961,0.00713274,0,0.12459,-0.991421,0.0392814,0,0.0119804,-0.0380842,-0.999203,0,0.524501,-0.131049,0.112296,1], "O_dP_EE_c": [0,0,0,0,0,0], "O_ddP_EE_c": [0,0,0,0,0,0], "theta": [0.067754,0.335929,-0.295863,-2.27088,0.123672,2.61378,0.342859], "dtheta": [0,0,0,0,0,0,0], "current_errors": [], "last_motion_errors": [], "control_command_success_rate": 0, "robot_mode": "Idle", "time": 20439746}

away from cube (in the air): {"O_T_EE": [0.998154,0.00116475,0.0605607,0,-0.000482712,-0.999621,0.0271815,0,0.0605705,-0.0271611,-0.997794,0,0.536739,0.229578,0.11333,1], "O_T_EE_d": [0.998153,0.00117232,0.0605746,0,-0.000475073,-0.999621,0.0271743,0,0.0605846,-0.0271534,-0.997794,0,0.536741,0.229581,0.113337,1], "F_T_NE": [0.7071,-0.7071,0,0,0.7071,0.7071,0,0,0,0,1,0,0,0,0.1034,1], "NE_T_EE": [1,0,0,0,0,1,0,0,0,0,1,0,0,0,0,1], "F_T_EE": [0.7071,-0.7071,0,0,0.7071,0.7071,0,0,0,0,1,0,0,0,0.1034,1], "EE_T_K": [1,0,0,0,0,1,0,0,0,0,1,0,0,0,0,1], "m_ee": 0.73, "F_x_Cee": [-0.01,0,0.03], "I_ee": [0.001,0,0,0,0.0025,0,0,0,0.0017], "m_load": 0, "F_x_Cload": [0,0,0], "I_load": [0.01,0,0,0,0.01,0,0,0,0.01], "m_total": 0.73, "F_x_Ctotal": [-0.01,0,0.03], "I_total": [0.001,0,0,0,0.0025,0,0,0,0.0017], "elbow": [-0.28422,-1], "elbow_d": [-0.28422,-1], "elbow_c": [-0.28422,-1], "delbow_c": [0,0], "ddelbow_c": [0,0], "tau_J": [0.138102,-39.3683,-3.08253,19.2826,0.51433,2.24442,-0.00513688], "tau_J_d": [0,0,0,0,0,0,0], "dtau_J": [34.7626,-5.296,-12.2769,-71.8714,-32.1161,-4.15948,-31.7315], "q": [0.700157,0.426891,-0.28422,-2.13106,0.124391,2.58258,1.12365], "dq": [-0.00232529,-0.000541131,-0.000309504,-0.000537393,-0.000190992,-0.000990916,0.00138737], "q_d": [0.700159,0.426878,-0.28422,-2.13106,0.124387,2.58258,1.12365], "dq_d": [0,0,0,0,0,0,0], "ddq_d": [0,0,0,0,0,0,0], "joint_contact": [0,0,0,0,0,0,0], "cartesian_contact": [0,0,0,0,0,0], "joint_collision": [0,0,0,0,0,0,0], "cartesian_collision": [0,0,0,0,0,0], "tau_ext_hat_filtered": [0.12244,-1.15407,0.136549,0.940645,0.000425239,0.0285083,0.0208387], "O_F_ext_hat_K": [0.715403,0.644071,2.26921,0.388528,-0.753953,0.174698], "K_F_ext_hat_K": [0.852274,-0.582503,-2.23837,-0.0592857,-0.38294,-0.00725664], "O_dP_EE_d": [0,0,0,0,0,0], "O_ddP_O": [0,0,-9.81], "O_T_EE_c": [0.998153,0.00117232,0.0605746,0,-0.000475073,-0.999621,0.0271743,0,0.0605846,-0.0271534,-0.997794,0,0.536741,0.229581,0.113337,1], "O_dP_EE_c": [0,0,0,0,0,0], "O_ddP_EE_c": [0,0,0,0,0,0], "theta": [0.700166,0.424059,-0.284451,-2.12962,0.124454,2.58284,1.12365], "dtheta": [0,0,0,0,0,0,0], "current_errors": [], "last_motion_errors": [], "control_command_success_rate": 0, "robot_mode": "Idle", "time": 20556159}

-------------------
demo task:


start_cube_1: {"O_T_EE": [0.999504,0.0116275,-0.0289298,0,0.0123067,-0.99964,0.0234133,0,-0.0286478,-0.0237582,-0.999307,0,0.369941,-0.431137,0.0301473,1], "O_T_EE_d": [0.999518,0.0116445,-0.0284448,0,0.0123236,-0.999631,0.0238191,0,-0.0281574,-0.0241586,-0.999312,0,0.370152,-0.431276,0.0303613,1], "F_T_NE": [0.7071,-0.7071,0,0,0.7071,0.7071,0,0,0,0,1,0,0,0,0.1034,1], "NE_T_EE": [1,0,0,0,0,1,0,0,0,0,1,0,0,0,0,1], "F_T_EE": [0.7071,-0.7071,0,0,0.7071,0.7071,0,0,0,0,1,0,0,0,0.1034,1], "EE_T_K": [1,0,0,0,0,1,0,0,0,0,1,0,0,0,0,1], "m_ee": 0.73, "F_x_Cee": [-0.01,0,0.03], "I_ee": [0.001,0,0,0,0.0025,0,0,0,0.0017], "m_load": 0, "F_x_Cload": [0,0,0], "I_load": [0.01,0,0,0,0.01,0,0,0,0.01], "m_total": 0.73, "F_x_Ctotal": [-0.01,0,0.03], "I_total": [0.001,0,0,0,0.0025,0,0,0,0.0017], "elbow": [-0.486617,-1], "elbow_d": [-0.486659,-1], "elbow_c": [-0.486659,-1], "delbow_c": [0,0], "ddelbow_c": [0,0], "tau_J": [-0.115804,-40.5704,-8.93031,16.454,0.741381,2.66281,-0.0646462], "tau_J_d": [0,0,0,0,0,0,0], "dtau_J": [-87.0514,152.378,-32.4228,18.8393,-49.0647,6.3438,-27.8376], "q": [-0.330565,0.660273,-0.486617,-2.09717,0.539462,2.63023,-0.435691], "dq": [0.000458509,-0.00134009,0.000272719,-0.000286612,0.00166595,-0.0013136,0.00157819], "q_d": [-0.330529,0.660069,-0.486659,-2.09685,0.539536,2.63035,-0.435686], "dq_d": [0,0,0,0,0,0,0], "ddq_d": [0,0,0,0,0,0,0], "joint_contact": [0,0,0,0,0,0,0], "cartesian_contact": [0,0,0,0,0,0], "joint_collision": [0,0,0,0,0,0,0], "cartesian_collision": [0,0,0,0,0,0], "tau_ext_hat_filtered": [-0.0817431,-1.50601,-0.103491,0.961703,0.373191,0.399044,-0.0380827], "O_F_ext_hat_K": [-0.313665,-0.00812763,1.46772,-0.579024,-1.49228,-0.0692745], "K_F_ext_hat_K": [-0.356072,0.0386295,-1.45752,0.040558,0.941813,-0.0481212], "O_dP_EE_d": [0,0,0,0,0,0], "O_ddP_O": [0,0,-9.81], "O_T_EE_c": [0.999518,0.0116445,-0.0284448,0,0.0123236,-0.999631,0.0238191,0,-0.0281574,-0.0241586,-0.999312,0,0.370152,-0.431276,0.0303613,1], "O_dP_EE_c": [0,0,0,0,0,0], "O_ddP_EE_c": [0,0,0,0,0,0], "theta": [-0.330573,0.657356,-0.487285,-2.09594,0.539549,2.63054,-0.435699], "dtheta": [0,0,0,0,0,0,0], "current_errors": [], "last_motion_errors": [], "control_command_success_rate": 0, "robot_mode": "User stopped", "time": 24396661}
pre_cube_1: {"O_T_EE": [0.998164,0.0348063,0.0493824,0,0.0352052,-0.999344,-0.00723181,0,0.0490993,0.00895722,-0.998754,0,0.373338,-0.431342,0.0932316,1], "O_T_EE_d": [0.998154,0.0347521,0.04961,0,0.0351477,-0.999347,-0.00712272,0,0.049331,0.00885342,-0.998743,0,0.373393,-0.431379,0.0933428,1], "F_T_NE": [0.7071,-0.7071,0,0,0.7071,0.7071,0,0,0,0,1,0,0,0,0.1034,1], "NE_T_EE": [1,0,0,0,0,1,0,0,0,0,1,0,0,0,0,1], "F_T_EE": [0.7071,-0.7071,0,0,0.7071,0.7071,0,0,0,0,1,0,0,0,0.1034,1], "EE_T_K": [1,0,0,0,0,1,0,0,0,0,1,0,0,0,0,1], "m_ee": 0.73, "F_x_Cee": [-0.01,0,0.03], "I_ee": [0.001,0,0,0,0.0025,0,0,0,0.0017], "m_load": 0, "F_x_Cload": [0,0,0], "I_load": [0.01,0,0,0,0.01,0,0,0,0.01], "m_total": 0.73, "F_x_Ctotal": [-0.01,0,0.03], "I_total": [0.001,0,0,0,0.0025,0,0,0,0.0017], "elbow": [-0.542583,-1], "elbow_d": [-0.542599,-1], "elbow_c": [-0.542599,-1], "delbow_c": [0,0], "ddelbow_c": [0,0], "tau_J": [-0.0920007,-37.587,-7.75203,18.0091,0.43651,2.35702,0.00127181], "tau_J_d": [0,0,0,0,0,0,0], "dtau_J": [-17.0501,-38.8118,-53.0015,63.8798,-6.97732,23.6397,-25.5419], "q": [-0.30624,0.505797,-0.542583,-2.13841,0.538941,2.54162,-0.49178], "dq": [0.00101873,0.000161132,0.00158113,-0.000809571,-0.000403578,0.000352151,0.0012313], "q_d": [-0.306243,0.505606,-0.542599,-2.13837,0.538976,2.54164,-0.491756], "dq_d": [0,0,0,0,0,0,0], "ddq_d": [0,0,0,0,0,0,0], "joint_contact": [0,0,0,0,0,0,0], "cartesian_contact": [0,0,0,0,0,0], "joint_collision": [0,0,0,0,0,0,0], "cartesian_collision": [0,0,0,0,0,0], "tau_ext_hat_filtered": [0.142543,-1.34715,0.00481572,0.579008,0.0940543,0.0941537,0.0114254], "O_F_ext_hat_K": [-0.499729,1.05872,2.54014,-1.19381,-1.29524,0.19769], "K_F_ext_hat_K": [-0.33653,-1.09401,-2.55203,-0.00901959,0.300037,-0.0206239], "O_dP_EE_d": [0,0,0,0,0,0], "O_ddP_O": [0,0,-9.81], "O_T_EE_c": [0.998154,0.0347521,0.04961,0,0.0351477,-0.999347,-0.00712272,0,0.049331,0.00885342,-0.998743,0,0.373393,-0.431379,0.0933428,1], "O_dP_EE_c": [0,0,0,0,0,0], "O_ddP_EE_c": [0,0,0,0,0,0], "theta": [-0.306247,0.503091,-0.543163,-2.13707,0.538993,2.5419,-0.49178], "dtheta": [0,0,0,0,-0.0366413,0,0], "current_errors": [], "last_motion_errors": [], "control_command_success_rate": 0, "robot_mode": "User stopped", "time": 24538391}

start_cube_2: {"O_T_EE": [0.992969,0.105354,-0.0538003,0,0.10775,-0.993204,0.0437689,0,-0.0488244,-0.0492591,-0.997592,0,0.521032,-0.129708,0.0320723,1], "O_T_EE_d": [0.992968,0.105362,-0.0537897,0,0.107758,-0.993203,0.0437694,0,-0.0488134,-0.0492588,-0.997593,0,0.521037,-0.129702,0.0320756,1], "F_T_NE": [0.7071,-0.7071,0,0,0.7071,0.7071,0,0,0,0,1,0,0,0,0.1034,1], "NE_T_EE": [1,0,0,0,0,1,0,0,0,0,1,0,0,0,0,1], "F_T_EE": [0.7071,-0.7071,0,0,0.7071,0.7071,0,0,0,0,1,0,0,0,0.1034,1], "EE_T_K": [1,0,0,0,0,1,0,0,0,0,1,0,0,0,0,1], "m_ee": 0.73, "F_x_Cee": [-0.01,0,0.03], "I_ee": [0.001,0,0,0,0.0025,0,0,0,0.0017], "m_load": 0, "F_x_Cload": [0,0,0], "I_load": [0.01,0,0,0,0.01,0,0,0,0.01], "m_total": 0.73, "F_x_Ctotal": [-0.01,0,0.03], "I_total": [0.001,0,0,0,0.0025,0,0,0,0.0017], "elbow": [-0.254465,-1], "elbow_d": [-0.254459,-1], "elbow_c": [-0.254459,-1], "delbow_c": [0,0], "ddelbow_c": [0,0], "tau_J": [-0.0920007,-39.6421,-3.35628,16.2516,0.71483,2.05856,-0.0646462], "tau_J_d": [0,0,0,0,0,0,0], "dtau_J": [103.59,-76.1555,96.571,60.6683,13.9911,26.1241,-27.8661], "q": [0.0449299,0.54133,-0.254465,-2.21104,0.168812,2.69281,0.347727], "dq": [-0.000209698,0.000835023,-0.0012199,0.000163641,-0.000103605,0.000134181,-7.05258e-05], "q_d": [0.0449338,0.541325,-0.254459,-2.21104,0.168809,2.69281,0.34773], "dq_d": [0,0,0,0,0,0,0], "ddq_d": [0,0,0,0,0,0,0], "joint_contact": [0,0,0,0,0,0,0], "cartesian_contact": [0,0,0,0,0,0], "joint_collision": [0,0,0,0,0,0,0], "cartesian_collision": [0,0,0,0,0,0], "tau_ext_hat_filtered": [-0.109053,-1.22924,0.180508,0.928074,0.328634,-0.0602622,-0.0717099], "O_F_ext_hat_K": [1.24802,-0.546688,1.95508,0.780586,-0.788245,-0.112939], "K_F_ext_hat_K": [1.07648,0.763033,-1.98438,1.02902,-0.0790961,-0.0690167], "O_dP_EE_d": [0,0,0,0,0,0], "O_ddP_O": [0,0,-9.81], "O_T_EE_c": [0.992968,0.105362,-0.0537897,0,0.107758,-0.993203,0.0437694,0,-0.0488134,-0.0492588,-0.997593,0,0.521037,-0.129702,0.0320756,1], "O_dP_EE_c": [0,0,0,0,0,0], "O_ddP_EE_c": [0,0,0,0,0,0], "theta": [0.0449233,0.538478,-0.254718,-2.20983,0.168896,2.69305,0.34772], "dtheta": [0,0,0,0,0,0,0], "current_errors": [], "last_motion_errors": [], "control_command_success_rate": 0, "robot_mode": "Idle", "time": 20240980}
pre_cube_2: {"O_T_EE": [0.992131,0.124926,0.00712071,0,0.124555,-0.991425,0.0392794,0,0.0119669,-0.0380841,-0.999203,0,0.524493,-0.131065,0.112291,1], "O_T_EE_d": [0.992126,0.124961,0.00713274,0,0.12459,-0.991421,0.0392814,0,0.0119804,-0.0380842,-0.999203,0,0.524501,-0.131049,0.112296,1], "F_T_NE": [0.7071,-0.7071,0,0,0.7071,0.7071,0,0,0,0,1,0,0,0,0.1034,1], "NE_T_EE": [1,0,0,0,0,1,0,0,0,0,1,0,0,0,0,1], "F_T_EE": [0.7071,-0.7071,0,0,0.7071,0.7071,0,0,0,0,1,0,0,0,0.1034,1], "EE_T_K": [1,0,0,0,0,1,0,0,0,0,1,0,0,0,0,1], "m_ee": 0.73, "F_x_Cee": [-0.01,0,0.03], "I_ee": [0.001,0,0,0,0.0025,0,0,0,0.0017], "m_load": 0, "F_x_Cload": [0,0,0], "I_load": [0.01,0,0,0,0.01,0,0,0,0.01], "m_total": 0.73, "F_x_Ctotal": [-0.01,0,0.03], "I_total": [0.001,0,0,0,0.0025,0,0,0,0.0017], "elbow": [-0.295676,-1], "elbow_d": [-0.295665,-1], "elbow_c": [-0.295665,-1], "delbow_c": [0,0], "ddelbow_c": [0,0], "tau_J": [0.368204,-36.1826,-2.50331,18.0845,0.196642,2.13181,0.0534569], "tau_J_d": [0,0,0,0,0,0,0], "dtau_J": [28.3871,-50.3576,-13.2367,7.71672,-24.8999,-8.59182,16.969], "q": [0.0677275,0.338532,-0.295676,-2.27223,0.12365,2.61353,0.342853], "dq": [-0.00118366,0.00148509,-0.000390417,-1.71347e-05,0.000339957,-0.000381924,-0.00268092], "q_d": [0.0677488,0.338526,-0.295665,-2.27223,0.123644,2.61353,0.342855], "dq_d": [0,0,0,0,0,0,0], "ddq_d": [0,0,0,0,0,0,0], "joint_contact": [0,0,0,0,0,0,0], "cartesian_contact": [0,0,0,0,0,0], "joint_collision": [0,0,0,0,0,0,0], "cartesian_collision": [0,0,0,0,0,0], "tau_ext_hat_filtered": [0.16152,-1.34365,0.00656278,0.46303,-0.214207,-0.0739616,0.0434968], "O_F_ext_hat_K": [-1.28058,0.790389,3.61331,-0.912035,-1.81151,0.214522], "K_F_ext_hat_K": [-1.14605,-0.801201,-3.65585,-0.318786,-0.270281,0.0193197], "O_dP_EE_d": [0,0,0,0,0,0], "O_ddP_O": [0,0,-9.81], "O_T_EE_c": [0.992126,0.124961,0.00713274,0,0.12459,-0.991421,0.0392814,0,0.0119804,-0.0380842,-0.999203,0,0.524501,-0.131049,0.112296,1], "O_dP_EE_c": [0,0,0,0,0,0], "O_ddP_EE_c": [0,0,0,0,0,0], "theta": [0.067754,0.335929,-0.295863,-2.27088,0.123672,2.61378,0.342859], "dtheta": [0,0,0,0,0,0,0], "current_errors": [], "last_motion_errors": [], "control_command_success_rate": 0, "robot_mode": "Idle", "time": 20439746}

tower_low: {"O_T_EE": [0.997489,-0.0183509,0.0682554,0,-0.0189142,-0.999782,0.00761672,0,0.0681021,-0.00888877,-0.997639,0,0.56085,0.549579,0.0378866,1], "O_T_EE_d": [0.997477,-0.0183874,0.0684325,0,-0.0189274,-0.999785,0.00725133,0,0.0682858,-0.00852845,-0.997629,0,0.560941,0.549665,0.0381129,1], "F_T_NE": [0.7071,-0.7071,0,0,0.7071,0.7071,0,0,0,0,1,0,0,0,0.1034,1], "NE_T_EE": [1,0,0,0,0,1,0,0,0,0,1,0,0,0,0,1], "F_T_EE": [0.7071,-0.7071,0,0,0.7071,0.7071,0,0,0,0,1,0,0,0,0.1034,1], "EE_T_K": [1,0,0,0,0,1,0,0,0,0,1,0,0,0,0,1], "m_ee": 0.73, "F_x_Cee": [-0.01,0,0.03], "I_ee": [0.001,0,0,0,0.0025,0,0,0,0.0017], "m_load": 0, "F_x_Cload": [0,0,0], "I_load": [0.01,0,0,0,0.01,0,0,0,0.01], "m_total": 0.73, "F_x_Ctotal": [-0.01,0,0.03], "I_total": [0.001,0,0,0,0.0025,0,0,0,0.0017], "elbow": [-0.46713,-1], "elbow_d": [-0.467085,-1], "elbow_c": [-0.467085,-1], "delbow_c": [0,0], "ddelbow_c": [0,0], "tau_J": [-0.2983,-57.8202,-9.2596,21.5519,1.21471,2.38998,-0.0124611], "tau_J_d": [0,0,0,0,0,0,0], "dtau_J": [62.9847,-1.74612,20.6734,67.9893,-2.90644,-7.87461,-15.5588], "q": [1.04654,1.21175,-0.46713,-0.988193,0.455717,2.1506,1.42862], "dq": [-0.00118164,-9.1269e-06,-0.00155704,-0.000462545,-0.000767139,0.000398844,-0.000544299], "q_d": [1.04642,1.21157,-0.467085,-0.98796,0.455743,2.15061,1.42861], "dq_d": [0,0,0,0,0,0,0], "ddq_d": [0,0,0,0,0,0,0], "joint_contact": [0,0,0,0,0,0,0], "cartesian_contact": [0,0,0,0,0,0], "joint_collision": [0,0,0,0,0,0,0], "cartesian_collision": [0,0,0,0,0,0], "tau_ext_hat_filtered": [-0.301938,-1.96432,-0.158673,1.1604,0.478917,0.146101,-0.0134061], "O_F_ext_hat_K": [0,0,0,0,0,0], "K_F_ext_hat_K": [0,0,0,0,0,0], "O_dP_EE_d": [0,0,0,0,0,0], "O_ddP_O": [0,0,-9.81], "O_T_EE_c": [0.997477,-0.0183874,0.0684325,0,-0.0189274,-0.999785,0.00725133,0,0.0682858,-0.00852845,-0.997629,0,0.560941,0.549665,0.0381129,1], "O_dP_EE_c": [0,0,0,0,0,0], "O_ddP_EE_c": [0,0,0,0,0,0], "theta": [1.04652,1.20759,-0.467823,-0.98658,0.455861,2.15089,1.42862], "dtheta": [0,0,0,0,0,0,0], "current_errors": [], "last_motion_errors": [], "control_command_success_rate": 0, "robot_mode": "User stopped", "time": 24845458}
tower_low_pre: {"O_T_EE": [0.997102,-0.00231623,0.0759183,0,-0.00648689,-0.99847,0.0547352,0,0.0756768,-0.0550701,-0.995611,0,0.559187,0.548445,0.11306,1], "O_T_EE_d": [0.997085,-0.00226563,0.0761391,0,-0.00642914,-0.998484,0.0544819,0,0.0759017,-0.0548136,-0.995608,0,0.559209,0.548549,0.113303,1], "F_T_NE": [0.7071,-0.7071,0,0,0.7071,0.7071,0,0,0,0,1,0,0,0,0.1034,1], "NE_T_EE": [1,0,0,0,0,1,0,0,0,0,1,0,0,0,0,1], "F_T_EE": [0.7071,-0.7071,0,0,0.7071,0.7071,0,0,0,0,1,0,0,0,0.1034,1], "EE_T_K": [1,0,0,0,0,1,0,0,0,0,1,0,0,0,0,1], "m_ee": 0.73, "F_x_Cee": [-0.01,0,0.03], "I_ee": [0.001,0,0,0,0.0025,0,0,0,0.0017], "m_load": 0, "F_x_Cload": [0,0,0], "I_load": [0.01,0,0,0,0.01,0,0,0,0.01], "m_total": 0.73, "F_x_Ctotal": [-0.01,0,0.03], "I_total": [0.001,0,0,0,0.0025,0,0,0,0.0017], "elbow": [-0.535518,-1], "elbow_d": [-0.535576,-1], "elbow_c": [-0.535576,-1], "delbow_c": [0,0], "ddelbow_c": [0,0], "tau_J": [0.0349524,-56.9394,-10.3863,21.7027,0.728563,2.19772,0.0534569], "tau_J_d": [0,0,0,0,0,0,0], "dtau_J": [45.0384,102.051,132.748,10.2689,-18.0956,5.34961,-42.0281], "q": [1.09169,1.10297,-0.535518,-1.0093,0.424635,2.02258,1.42981], "dq": [-0.000891514,-0.00110937,-0.00210038,-0.000407943,-8.96282e-05,0.000908816,0.000559895], "q_d": [1.09174,1.10274,-0.535576,-1.00915,0.424625,2.02255,1.42983], "dq_d": [0,0,0,0,0,0,0], "ddq_d": [0,0,0,0,0,0,0], "joint_contact": [0,0,0,0,0,0,0], "cartesian_contact": [0,0,0,0,0,0], "joint_collision": [0,0,0,0,0,0,0], "cartesian_collision": [0,0,0,0,0,0], "tau_ext_hat_filtered": [-0.0397085,-2.00473,-0.340329,1.2117,-0.00506829,-0.0120859,0.0709883], "O_F_ext_hat_K": [0,0,0,0,0,0], "K_F_ext_hat_K": [0,0,0,0,0,0], "O_dP_EE_d": [0,0,0,0,0,0], "O_ddP_O": [0,0,-9.81], "O_T_EE_c": [0.997085,-0.00226563,0.0761391,0,-0.00642914,-0.998484,0.0544819,0,0.0759017,-0.0548136,-0.995608,0,0.559209,0.548549,0.113303,1], "O_dP_EE_c": [0,0,0,0,0,0], "O_ddP_EE_c": [0,0,0,0,0,0], "theta": [1.09169,1.09888,-0.536296,-1.00768,0.424721,2.02284,1.42981], "dtheta": [0,0,0,0,0,0,0], "current_errors": [], "last_motion_errors": [], "control_command_success_rate": 0, "robot_mode": "User stopped", "time": 24802164}

tower_high: {"O_T_EE": [0.992611,-0.0749948,0.0952849,0,-0.0766982,-0.996942,0.0143369,0,0.0939201,-0.0215396,-0.995347,0,0.562706,0.551941,0.0725281,1], "O_T_EE_d": [0.992603,-0.074989,0.0953772,0,-0.0766629,-0.996949,0.0140032,0,0.0940379,-0.0212119,-0.995343,0,0.562705,0.552065,0.0727004,1], "F_T_NE": [0.7071,-0.7071,0,0,0.7071,0.7071,0,0,0,0,1,0,0,0,0.1034,1], "NE_T_EE": [1,0,0,0,0,1,0,0,0,0,1,0,0,0,0,1], "F_T_EE": [0.7071,-0.7071,0,0,0.7071,0.7071,0,0,0,0,1,0,0,0,0.1034,1], "EE_T_K": [1,0,0,0,0,1,0,0,0,0,1,0,0,0,0,1], "m_ee": 0.73, "F_x_Cee": [-0.01,0,0.03], "I_ee": [0.001,0,0,0,0.0025,0,0,0,0.0017], "m_load": 0, "F_x_Cload": [0,0,0], "I_load": [0.01,0,0,0,0.01,0,0,0,0.01], "m_total": 0.73, "F_x_Ctotal": [-0.01,0,0.03], "I_total": [0.001,0,0,0,0.0025,0,0,0,0.0017], "elbow": [-0.491592,-1], "elbow_d": [-0.491564,-1], "elbow_c": [-0.491564,-1], "delbow_c": [0,0], "ddelbow_c": [0,0], "tau_J": [-0.143575,-57.2409,-9.63649,21.3218,1.07189,2.31766,0.0800072], "tau_J_d": [0,0,0,0,0,0,0], "dtau_J": [96.0314,49.0905,-17.1596,80.8804,-26.6145,30.8719,-38.3565], "q": [1.06966,1.15498,-0.491592,-1.0145,0.428463,2.12603,1.50089], "dq": [-0.000125233,-0.000210639,-0.000213692,-0.000911472,0.00110812,0.00109235,0.000409269], "q_d": [1.06968,1.15482,-0.491564,-1.01438,0.428547,2.12607,1.50091], "dq_d": [0,0,0,0,0,0,0], "ddq_d": [0,0,0,0,0,0,0], "joint_contact": [0,0,0,0,0,0,0], "cartesian_contact": [0,0,0,0,0,0], "joint_collision": [0,0,0,0,0,0,0], "cartesian_collision": [0,0,0,0,0,0], "tau_ext_hat_filtered": [-0.197508,-1.79533,-0.126769,0.783672,0.336784,0.0408344,0.102503], "O_F_ext_hat_K": [0,0,0,0,0,0], "K_F_ext_hat_K": [0,0,0,0,0,0], "O_dP_EE_d": [0,0,0,0,0,0], "O_ddP_O": [0,0,-9.81], "O_T_EE_c": [0.992603,-0.074989,0.0953772,0,-0.0766629,-0.996949,0.0140032,0,0.0940379,-0.0212119,-0.995343,0,0.562705,0.552065,0.0727004,1], "O_dP_EE_c": [0,0,0,0,0,0], "O_ddP_EE_c": [0,0,0,0,0,0], "theta": [1.06964,1.15087,-0.492315,-1.0129,0.428589,2.1263,1.5009], "dtheta": [0,0,0,0,0,0,0], "current_errors": [], "last_motion_errors": [], "control_command_success_rate": 0, "robot_mode": "User stopped", "time": 24737653}
tower_high_pre: {"O_T_EE": [0.998036,0.00055337,0.0624903,0,-0.000612607,-0.999816,0.0186377,0,0.0624903,-0.0186397,-0.997871,0,0.564114,0.547681,0.142574,1], "O_T_EE_d": [0.99802,0.000620328,0.0627417,0,-0.000529973,-0.999822,0.0183154,0,0.0627432,-0.0183128,-0.997862,0,0.564139,0.54779,0.142893,1], "F_T_NE": [0.7071,-0.7071,0,0,0.7071,0.7071,0,0,0,0,1,0,0,0,0.1034,1], "NE_T_EE": [1,0,0,0,0,1,0,0,0,0,1,0,0,0,0,1], "F_T_EE": [0.7071,-0.7071,0,0,0.7071,0.7071,0,0,0,0,1,0,0,0,0.1034,1], "EE_T_K": [1,0,0,0,0,1,0,0,0,0,1,0,0,0,0,1], "m_ee": 0.73, "F_x_Cee": [-0.01,0,0.03], "I_ee": [0.001,0,0,0,0.0025,0,0,0,0.0017], "m_load": 0, "F_x_Cload": [0,0,0], "I_load": [0.01,0,0,0,0.01,0,0,0,0.01], "m_total": 0.73, "F_x_Ctotal": [-0.01,0,0.03], "I_total": [0.001,0,0,0,0.0025,0,0,0,0.0017], "elbow": [-0.515923,-1], "elbow_d": [-0.515971,-1], "elbow_c": [-0.515971,-1], "delbow_c": [0,0], "ddelbow_c": [0,0], "tau_J": [0.0111487,-56.6419,-9.83485,21.9844,0.728563,2.06497,0.0076805], "tau_J_d": [0,0,0,0,0,0,0], "dtau_J": [69.6384,3.62591,-36.5191,-32.7998,-4.10582,4.50164,47.3835], "q": [1.06946,1.05264,-0.515923,-1.01394,0.425934,2.00084,1.40731], "dq": [-0.000544267,-0.000668177,4.04484e-05,0.000270217,8.54622e-05,-2.94485e-05,-0.00138995], "q_d": [1.06951,1.05231,-0.515971,-1.01378,0.425918,2.00077,1.40731], "dq_d": [0,0,0,0,0,0,0], "ddq_d": [0,0,0,0,0,0,0], "joint_contact": [0,0,0,0,0,0,0], "cartesian_contact": [0,0,0,0,0,0], "joint_collision": [0,0,0,0,0,0,0], "cartesian_collision": [0,0,0,0,0,0], "tau_ext_hat_filtered": [-0.0108222,-1.9709,-0.361352,1.075,-0.030378,-0.164953,-0.0259754], "O_F_ext_hat_K": [0,0,0,0,0,0], "K_F_ext_hat_K": [0,0,0,0,0,0], "O_dP_EE_d": [0,0,0,0,0,0], "O_ddP_O": [0,0,-9.81], "O_T_EE_c": [0.99802,0.000620328,0.0627417,0,-0.000529973,-0.999822,0.0183154,0,0.0627432,-0.0183128,-0.997862,0,0.564139,0.54779,0.142893,1], "O_dP_EE_c": [0,0,0,0,0,0], "O_ddP_EE_c": [0,0,0,0,0,0], "theta": [1.06946,1.04856,-0.516661,-1.01229,0.42602,2.00108,1.40731], "dtheta": [0,0,0,0,0,0,0], "current_errors": [], "last_motion_errors": [], "control_command_success_rate": 0, "robot_mode": "User stopped", "time": 24646223}


middle_of_table_in_the_air: {"O_T_EE": [0.999893,0.0112917,0.00815889,0,0.0110674,-0.999564,0.0270326,0,0.00846074,-0.0269399,-0.999601,0,0.459512,0.0233634,0.409859,1], "O_T_EE_d": [0.999888,0.0113561,0.00869366,0,0.0111157,-0.999558,0.0272149,0,0.00899904,-0.0271157,-0.999592,0,0.459647,0.0233871,0.410078,1], "F_T_NE": [0.7071,-0.7071,0,0,0.7071,0.7071,0,0,0,0,1,0,0,0,0.1034,1], "NE_T_EE": [1,0,0,0,0,1,0,0,0,0,1,0,0,0,0,1], "F_T_EE": [0.7071,-0.7071,0,0,0.7071,0.7071,0,0,0,0,1,0,0,0,0.1034,1], "EE_T_K": [1,0,0,0,0,1,0,0,0,0,1,0,0,0,0,1], "m_ee": 0.73, "F_x_Cee": [-0.01,0,0.03], "I_ee": [0.001,0,0,0,0.0025,0,0,0,0.0017], "m_load": 0, "F_x_Cload": [0,0,0], "I_load": [0.01,0,0,0,0.01,0,0,0,0.01], "m_total": 0.73, "F_x_Ctotal": [-0.01,0,0.03], "I_total": [0.001,0,0,0,0.0025,0,0,0,0.0017], "elbow": [-2.21163,-1], "elbow_d": [-2.21159,-1], "elbow_c": [-2.21159,-1], "delbow_c": [0,0], "ddelbow_c": [0,0], "tau_J": [-0.167379,-0.330244,-13.9291,21.5242,1.05907,2.50351,0.00127181], "tau_J_d": [0,0,0,0,0,0,0], "dtau_J": [-54.8981,39.7202,3.6064,88.5577,15.4846,32.833,-31.7854], "q": [2.0678,0.595755,-2.21163,-2.17795,0.453459,1.78567,0.441341], "dq": [-0.000247659,-0.00031254,-0.000417271,-0.000868957,-0.0015762,-0.00208471,-0.000299192], "q_d": [2.06763,0.595859,-2.21159,-2.17749,0.453516,1.78576,0.441337], "dq_d": [0,0,0,0,0,0,0], "ddq_d": [0,0,0,0,0,0,0], "joint_contact": [0,0,0,0,0,0,0], "cartesian_contact": [0,0,0,0,0,0], "joint_collision": [0,0,0,0,0,0,0], "cartesian_collision": [0,0,0,0,0,0], "tau_ext_hat_filtered": [-0.0662673,0.0874244,-0.388911,0.686593,0.334168,0.288072,0.012526], "O_F_ext_hat_K": [0.555585,6.31776e-06,1.04981,0.261326,-0.43524,-0.0370866], "K_F_ext_hat_K": [0.564102,0.0345222,-1.04469,0.234545,0.182457,0.0309671], "O_dP_EE_d": [0,0,0,0,0,0], "O_ddP_O": [0,0,-9.81], "O_T_EE_c": [0.999888,0.0113561,0.00869366,0,0.0111157,-0.999558,0.0272149,0,0.00899904,-0.0271157,-0.999592,0,0.459647,0.0233871,0.410078,1], "O_dP_EE_c": [0,0,0,0,0,0], "O_ddP_EE_c": [0,0,0,0,0,0], "theta": [2.06779,0.595731,-2.21267,-2.17634,0.453584,1.78596,0.441341], "dtheta": [0,0,0,0,0,0,0], "current_errors": [], "last_motion_errors": [], "control_command_success_rate": 0, "robot_mode": "User stopped", "time": 24960744}

initial_pose: 